   8       0 sda 1041221678 371807 108305838254 1443752949 167190897 9240416 18972122493 630944800 1 1586240859 2074700429
   8       1 sda1 1041221494 371807 108305828334 1443752637 167190897 9240416 18972122493 630944800 1 1586269058 2075166681
   8      16 sdb 5918001074 4789944 425473363701 1459426277 106831647 29383019 19812926975 624222445 0 842660866 2080489472
   8      17 sdb1 2143 8 466301 812 1019 15 585368 57288 0 15483 58098
   8      18 sdb2 5917998784 4789936 425472887976 1459425437 98070758 29383004 19812341607 549267248 0 839339027 2005218391
 253       0 dm-0 5917968385 0 425072072594 1485055270 106148651 0 18266166720 2663883013 0 832739857 4150088016
 253       1 dm-1 2608934 0 20881848 1423925 11224982 0 89799856 1372861413 0 2601916 1376998959
 253       2 dm-2 1041623842 0 108305826534 1443841737 176431547 0 18972122493 657210385 1 1586302569 2106191411
 253       3 dm-3 2262375 0 379820706 1644763 6138535 0 1159082469 262453919 0 12076250 264100298
 253       4 dm-4 1937 0 108060 3516 4039842 0 297292562 201357230 0 4341570 201382478
